peso,pao
0.0,36.69964428634949
1.681302801244998,37.12761227212094
0.7030902623388172,38.10582481102712
0.0,37.86960871498444
0.7169853268119164,80.38572698977323
2.237105380168964,84.44030680302357
1.920297910182303,73.70220097821255
100.0,74.5942641173855
99.99722098710538,71.87638950644731
99.99722098710538,65.40684748777235
99.99722098710538,64.05902623388172
99.99722098710538,70.22009782125389
100.0,71.35393508225877
100.0,72.30991551800801
17.557803468208093,0.0
98.91062694530902,0.0
100.0,0.002779012894619831
100.0,0.005558025789239662
100.0,0.0
99.99722098710538,0.0
100.0,1.9175188972876833
99.99722098710538,2.170409070698088
96.47065362383282,0.6391729657625611
99.99722098710538,1.8841707425522454
98.96620720320144,0.689195197865718
98.13806136060471,2.4733214762116495
100.0,3.601600711427301
96.57069808803914,3.6210538016896403
49.9722098710538,1.7896843041351713
99.0051133837261,3.571031569586483
99.99722098710538,3.2820142285460205
97.29342418343067,0.0
81.44332684404067,0.0
97.29612805537529,0.0
95.1492537313433,0.0
88.89790179537097,0.0
97.29342418343067,0.0
86.44819381354098,43.407960199004975
100.0,39.32690437150877
100.0,0.4001889781285607
100.0,0.0
99.01308674021199,1.95489941596366
94.09203980099502,2.006272982911529
89.47865718096932,0.8392618941751889
95.33681636282793,0.6308359270787016
95.94542018674966,0.23065807025344598
99.99722098710538,0.3029124055135616
90.99877723432637,0.5280124499777679
91.4378612716763,0.919853268119164
99.9861049355269,70.59526456202757
99.88050244553135,71.31780791462873
99.3413739439751,1.9036238328145845
100.0,0.0
100.0,0.0
100.0,0.0
99.99722098710538,32.258781680747
94.70042240995998,5.299577590040018
92.28546020453535,6.0443530457981325
88.23088039128501,10.265673632725655
87.58059137394397,6.211093819475322
90.75700311249444,0.044464206313917294
92.6717429968875,45.00055580257892
94.82547799021788,91.41562916851935
28.095820364606496,0.002779012894619831
19.739328590484657,0.002779012894619831
19.961649622054246,0.005558025789239662
18.54991107158737,0.019453090262338817
19.89773232547799,0.008337038683859493
19.71153846153846,0.0
18.733325922632282,0.0
16.990884837705647,0.0
0.22787905735882613,0.0
0.936527345486883,0.0
2.481658514895509,0.0
53.39317474433082,55.93597154290796
50.30291240551357,53.885060026678524
58.37316585148955,61.102156514006225
75.93096931969764,71.03434859937751
76.2616718541574,71.09548688305914
22.623943975100044,26.153290351267227
54.288016896398396,64.86771898621609
89.239662072032,67.83014673188083
15.198421520675856,0.019453090262338817
14.737105380168963,0.05835927078701645
14.059026233881724,0.005558025789239662
12.880724766562917,0.016674077367718986
13.942307692307693,0.0
16.45453534904402,0.0
21.292796798577147,19.647621164962207
100.0,100.0
100.0,100.0
33.13787066114554,34.89981380096157
37.906789317177555,73.30128116054804
100.0,51.539573143619386
94.35304579813251,51.43119164072921
99.99722098710538,51.445086705202314
99.51088013784288,69.66067309562848
99.9972209098741,71.07522996970792
98.98841119417503,82.54175582914154
82.64736125392547,71.05299724870078
100.0,74.91315343356585
100.0,71.2002890253731
99.9972209098741,66.75652391407053
98.52708223327683,67.39849373315177
99.9972209098741,70.57777283717311
20.92099046772087,0.31125809409999167
26.590334324542148,1.164438762749076
24.383736764583276,0.19731539893838757
30.758969513381317,1.292276908540144
29.805741600200093,1.6813495261651334
25.48703554456271,1.44790595559014
13.200678097990718,89.92579829363866
14.056637856765693,94.3834588555707
12.589278270294304,92.47144484895645
13.000583608926439,88.36117055276102
12.378067420726454,88.79748770252618
14.117777839535336,88.1360642525637
13.367423505544284,92.10182586221272
16.963566128449546,79.15404496567824
8.70966845454798,78.69271600478004
3.3738154128338382,79.42083761776394
15.996442764638857,79.7848984242559
11.227524108606843,86.87713642553429
12.353055609593419,74.83533891004085
18.369785732151296,81.7858433148987
17.13864880638079,77.73670900147292
18.89781285607092,83.6756246005058
12.642080982686268,79.95998110218714
13.108968123836256,80.14618014062196
13.39243531667732,74.60745351971765
13.83986882694606,75.28555151043548
23.386043409387767,0.0
75.5467859822694,0.0
30.228163299335797,0.005558180251785565
37.295389489481146,0.005558180251785565
30.15312786593669,0.0
80.43520551371482,0.0
92.26857126976627,0.0
82.4361504043576,0.0
